44427
40383
58734
64403
53853
59014
52646
48440
56752
53498
17283
39035
49054
62711
36760
54374
28438
39710
59883
38023
33359
47304
56005
44347
52786
43029
55906
53806
31650
51149
18417
47955
55582
41580
46316
62968
55469
40621
65379
31931
27871
50869
56749
5984
43650
41394
24969
51310
39670
55418
16996
60700
45881
37073
36490
44369
37539
46157
7587
43471
49039
32364
36830
4390
62635
45177
21829
51853
52153
18078
12239
55649
46225
45388
46289
18364
56281
45657
25366
51341
48205
58043
47028
51892
47597
28678
36074
52838
54827
45818
49410
36577
61232
47404
36847
64857
52584
42739
41188
57913
60353
49855
15557
49404
44346
45985
45826
52805
32008
57539
57709
46815
71124
50587
43541
53502
47536
43844
49822
49694
38270
44594
54694
67422
47537
16783
52981
59294
53187
47469
43411
33204
51155
38015
55490
31910
55006
31267
39270
61504
61920
51065
51260
46704
33909
49454
51472
45219
53330
41102
49395
48046
51853
10776
52304
59527
55696
59371
46998
49150
9238
25613
30352
46530
31285
51615
54340
52704
38025
43640
37595
50799
52556
24632
44822
57393
49433
48324
46019
55821
3832
66093
54961
59783
50915
39779
37755
28497
47730
51621
50434
51758
2320
57181
37312
51356
58470
37726
41928
52954
50909
55354
42309
60273
48176
27901
50494
32654
38599
44239
30792
49655
34677
28479
36388
44355
39550
39782
39261
50706
53964
64212
35888
47937
65721
16756
43456
48939
55025
41607
58801
62813
29677
51956
52483
55255
51480
50905
52552
55559
46462
47071
43445
58004
27775
51401
58155
59307
48770
46870
41900
56938
39553
17936
58503
46102
44902
50344
max: 71124
