10038
10285
10408
10445
10487
10568
10581
10613
10698
10930
11147
11321
11480
11697
11697
11697
11697
11972
12067
12281
12796
12856
12947
13325
13345
13345
13345
13345
13345
13345
13345
13345
13345
13345
13345
13345
13345
13345
13345
13382
13450
13501
13783
13949
14140
14167
14200
14267
14286
14324
14455
14617
14626
14721
14744
14796
14840
14959
15020
15153
15240
15330
15482
15737
15737
15737
15737
15737
15737
15737
15737
15737
15737
15737
15737
15737
15737
15737
15737
15737
15737
15737
15975
16338
16455
16596
16923
17210
17284
17289
17313
17470
17699
17841
17894
17982
17982
17982
17982
17982
17982
17982
17982
17982
17982
17982
17982
17982
17982
18015
18070
18107
18160
18598
18603
18704
18796
19111
19435
19459
19546
19580
19623
19623
19623
19623
19672
19777
19859
19962
20253
20354
20442
20706
20755
21083
21237
21464
21525
21538
21632
21661
21718
21822
21955
22015
22026
22033
22779
23044
23426
23875
24257
24392
24538
24540
24540
24540
24540
24540
24540
24540
24540
24540
24540
24540
24540
24540
24540
24542
24785
24851
24914
25373
25374
25520
25556
25627
25655
26138
26239
26239
26239
26239
26239
26239
26239
26239
26239
26239
26239
26239
26239
26239
26239
26239
26239
26296
26386
26386
26386
26386
26386
26386
26386
26386
26386
26386
26386
26386
26386
26386
26386
26435
26502
26599
26660
26664
26664
26664
26664
26664
26664
26664
26664
26698
26876
26934
27316
27509
27596
27713
27733
27856
27909
27983
28076
28232
28278
28292
28458
28657
28661
28770
29196
29452
29457
29679
29799
29846
30349
30385
30422
30434
30513
30664
30745
30746
30805
31051
31051
31051
31051
31051
31051
31051
31051
31230
31308
31317
31564
31641
31712
31743
31743
31743
31743
31743
31743
31743
31743
31743
31743
31743
31743
31743
31743
31743
31743
31743
31743
31743
31769
31852
32063
32375
32420
32457
32457
32457
32457
32457
32457
32457
32457
32457
32457
32457
32724
32804
33028
33080
33236
33307
33400
33827
33987
34064
34132
34173
34475
34577
34699
34807
34818
35142
35243
35771
35871
35882
35930
35952
36005
36119
36153
36166
36187
36218
36303
36433
36498
37024
37125
37410
37482
37660
37673
37748
37914
37978
38238
38259
38259
38259
38259
38259
38259
38259
38259
38259
38259
38259
38259
38259
38490
38622
38845
38856
38856
38856
38856
38856
38856
38856
38856
38856
38856
38856
38856
39357
39722
39980
40095
40096
40198
40613
40913
40953
41109
41368
41520
41621
41648
42060
42108
42108
42108
42108
42108
42108
42108
42173
42227
42592
42647
42699
42730
42868
42916
43032
43272
43274
43388
43416
43492
43583
43719
43967
44671
44751
44785
44785
44785
44785
44785
44785
45096
45223
45509
45580
45844
45999
46080
46274
46332
46356
46497
46725
46760
46814
46974
47085
47118
47269
47498
47531
47860
47911
47996
48233
48627
48717
48734
48853
48947
48967
48977
49678
49858
49944
50159
50198
50216
50253
50511
50515
50541
50602
50602
50602
50602
50602
50653
50868
51003
51076
51102
51212
51287
51350
51693
51936
52066
52086
52145
52392
52523
52538
52685
52714
52738
52774
52835
53092
53500
53649
54132
54353
54659
54781
55116
55348
55396
56010
56506
57119
57120
57178
57279
57600
57610
57691
57698
57799
57878
58123
58203
58959
59133
59202
59242
59256
59383
59463
59553
59611
59626
59923
60021
60199
60367
60825
61227
61336
61531
61893
61968
62202
62325
62424
62475
62600
62768
63205
63500
63673
63674
63931
64254
64279
64279
64279
64279
64279
64279
64344
64465
64619
64667
64917
65246
65546
65624
65732
65905
65929
66000
66150
66184
66358
66440
66440
66440
66440
66440
66440
66440
66460
66535
66551
66769
67024
67042
67153
67322
67333
67603
67693
68022
68022
68022
68022
68022
68022
68022
68022
68022
68366
68554
68554
68554
68715
68799
68976
69182
69216
69305
69460
69466
69588
70516
70581
70689
70861
71058
71400
71566
71775
71838
72088
72254
72254
72254
72254
72254
72254
72254
72254
72254
72254
72254
72254
72254
72254
72254
72254
72254
72254
72481
72555
72680
72856
72875
73016
73091
73119
73136
73170
73220
73309
73309
73309
73309
73309
73309
73309
73309
73309
73309
73309
73309
73309
73309
73309
73309
73309
73309
73380
73391
73416
73431
73617
73643
73753
73832
73898
74199
74612
74969
75315
75332
75478
75729
75792
75855
76148
76158
76232
76304
76315
76417
76713
77249
77415
77505
77665
77747
77929
78397
78689
78946
78965
79031
79296
79469
79636
79692
79692
79692
79692
79692
79692
79692
79692
79692
79692
79692
79692
79692
79692
79692
79692
79692
79692
79692
79692
79773
80196
80223
80320
80353
80387
80488
80596
80706
81249
81505
81605
81607
81743
81999
82116
82201
82528
82731
82866
82924
82924
82924
82924
82924
82924
82924
82924
82924
82924
82924
82924
82924
83112
83130
83674
83845
83948
84131
84190
84568
84724
84802
84802
84802
84802
84802
84802
84802
84802
84802
84802
84802
84802
84802
84802
84802
84802
84802
84802
84802
84802
84808
85167
85617
85790
85851
86071
86291
86381
86684
86922
87123
87182
87259
87305
87326
87462
87470
87619
87703
87826
87991
88040
88134
88145
88190
88213
88356
88431
88520
88743
88779
88904
89049
89101
89161
89227
89227
89227
89227
89227
89227
89227
89227
89227
89227
89412
89716
89797
89855
89855
89855
89855
89855
89855
89855
89855
89855
89855
89991
90117
90139
90211
90211
90211
90211
90211
90211
90211
90211
90211
90211
90211
90211
90211
90211
90211
90364
90562
90623
90774
90800
91050
91433
91482
91673
91778
91798
91893
91998
92202
92202
92202
92202
92202
92202
92202
92202
92202
92202
92202
92202
92202
92202
92202
92202
92336
92358
92435
92642
93031
93204
93211
93345
93390
93568
93568
93653
93663
93677
93706
93728
93742
93782
93818
93818
93818
93818
93818
93818
93818
93818
93909
93975
93975
93975
93975
94029
94087
94315
94330
94557
94600
94769
94769
94769
94769
94769
94769
94769
94769
94769
94769
94769
94769
94769
94769
94769
94769
94769
94769
94769
94769
94837
94893
95316
95383
95383
95383
95383
95383
95383
95412
95829
95856
95935
96013
96125
96138
96167
96407
96480
96520
96546
96741
96883
96968
97091
97102
97201
97407
97611
97616
97684
97846
98186
98297
98328
98400
98569
98880
98995
99058
99477
99704
99781
99781
99781
99781
99781
99781
99781
99983
