17633
79440
44767
86871
66575
31637
89855
81829
95071
34163
28696
10975
48232
14078
40882
75659
85341
92610
18043
60606
22376
14535
26022
90745
94386
22699
48716
93599
24797
89866
13841
12612
22889
84705
50982
19312
43985
23864
71953
58611
15949
89181
57095
19462
13989
74037
98414
17793
77332
17360
88430
59633
93603
93215
89750
73983
95163
50441
66767
96947
62870
46395
25246
39127
69589
87118
89577
64365
89417
38259
14458
42775
58228
87729
63480
90234
19242
77553
42962
20746
42003
24751
98825
35667
86088
87433
42556
77443
85947
26239
51904
45935
93900
94769
89944
16924
29441
31685
28455
82408
50492
48587
52190
14432
40296
87571
68554
60909
90581
17874
77699
52227
81281
74510
34913
17927
38246
95559
97142
17388
45933
61625
92202
32609
10121
42108
99781
71839
31215
23028
45513
44989
21042
41686
49396
87383
57374
92305
90956
59298
71833
39322
90211
78524
56222
88896
24989
15618
40750
57787
66076
27005
12299
99606
78648
90191
40731
28572
29036
12210
72284
76661
90125
42239
11589
33000
10758
10172
39561
47405
44894
46926
59896
85512
58641
83574
98203
43633
47564
87287
43747
91297
76432
75790
93818
31051
47511
97907
87367
59976
52149
17942
99139
66216
29264
82924
66027
82954
12290
20683
85750
54662
79346
76068
39015
30045
82962
20148
67813
65066
84222
13345
90893
51707
42399
40546
19343
95420
81543
28417
57947
76560
25531
60453
48959
66180
16907
79677
69680
65677
58869
49481
81530
30968
40003
70770
51169
39585
41887
98401
66079
79686
95976
62505
66440
66353
37729
78716
87428
52512
86117
54387
13759
40476
44961
99372
89090
61709
66586
68112
56457
58500
49835
69526
81736
72397
28792
67973
28140
99229
37502
21071
98028
13892
64351
39347
73309
25904
50933
81957
53641
88814
92575
62255
81785
75349
83203
98080
93942
97798
45256
51544
25195
68947
91830
91524
76708
90123
86890
98282
41961
11039
55505
56720
50589
18316
89706
77270
16280
38856
38306
22621
52085
25990
47713
50171
68656
16833
31650
38239
90966
20522
74289
30878
99343
46494
40055
62089
27261
14641
62672
43731
13641
81157
38752
22481
56161
11821
21702
95781
96637
52222
56805
43568
62828
19567
49559
55482
44986
53062
57314
37016
63361
68680
18476
20199
77823
69738
67170
79546
85110
54119
86781
90311
57902
54606
75696
31498
63061
20426
77880
80653
12847
67482
41457
96070
26083
15571
64763
69049
37215
68721
41483
19623
80415
40289
29800
51573
95147
49768
57896
11698
18534
33315
93295
13998
37866
27311
88630
61311
58088
39038
21263
68733
56327
10831
41475
65191
65689
99405
60130
62835
43765
37857
75626
82299
59124
11662
13403
84021
46515
19274
42981
81200
28115
66036
46632
44785
93611
58202
83448
47387
56227
10056
47436
25614
91347
93293
54018
93975
88534
55107
90676
74207
53544
82027
28952
24039
51681
84784
57727
17375
84334
85913
34190
88405
57014
49572
96919
57074
97433
39316
23267
49617
45398
93789
80870
66592
84914
15737
85633
24299
50996
59760
19853
87172
73167
69533
10294
10068
71528
90074
85177
39240
46901
31573
40287
52063
15665
55652
94618
35516
99836
12266
49382
58480
30160
15895
99570
86138
50602
65863
14014
23202
52442
98402
99960
30587
27344
14901
50646
39894
76102
93553
95383
43523
93147
52736
73737
74670
70375
35660
68216
87067
74103
95109
17982
81693
72925
79007
56890
43163
89721
98999
24385
31463
86271
76927
82914
10672
37107
53415
57507
61956
53426
24147
42957
82795
36784
33334
81024
50757
11023
56827
63122
22187
45790
45455
18321
50449
88021
49799
87225
97435
83558
38550
33452
56025
67783
84187
39395
68418
52548
28163
84823
31206
64705
58401
95618
91709
48005
76020
23833
52831
85010
10664
22411
43979
61257
61520
48746
14279
47898
93422
68022
14459
89227
20824
75208
49845
51562
93302
92836
49142
50653
70201
13156
72511
25934
91338
75287
15292
61020
24871
69502
22107
11069
90501
79735
22407
56638
43995
24346
19332
98053
64279
35846
87249
26693
23953
36613
68547
29801
95876
96850
69173
15143
88911
85370
37936
27252
52765
85421
29524
50768
43558
51533
52414
69357
37499
51109
56299
35287
24335
66593
34510
59870
95114
25535
77617
90219
79862
23936
97001
80515
79565
26333
75467
76518
43602
36813
43716
65228
23719
27276
79341
92730
13327
74695
26891
27088
69958
91806
85215
87804
87074
91912
88017
37176
86262
79370
59531
87454
56438
69511
56851
65430
36077
25960
71485
54398
28265
78120
59446
26386
83452
37184
61882
85743
58108
88676
56709
60790
13675
26508
86384
11697
18506
64140
72254
32457
47880
28362
41762
52860
76072
28664
38694
77076
52304
48805
79691
60446
50527
57332
91969
24540
52000
60350
65954
77087
11673
86822
46369
72162
78984
86619
97668
98988
82635
13455
58975
25865
53039
30768
12014
46545
25611
68704
19940
86483
57437
61703
48018
67563
40899
39500
54669
58288
74372
78876
44932
63464
83883
52588
32785
50300
43503
64904
76135
35611
64841
10588
63814
19013
80561
88208
10576
99430
38695
32677
28960
76150
27997
25216
75079
19640
87142
29691
43608
37613
11187
14208
85169
12976
64222
10454
26231
94650
58941
79692
54692
63161
89688
88077
81434
30007
93568
38883
69231
14633
22196
48676
87546
87523
95107
79211
55870
10953
11083
21863
38429
61106
97986
88704
93825
29839
24546
74178
42883
40996
42992
71684
57251
26664
68948
97206
57843
49113
60920
22678
72961
19802
86087
89652
49821
50537
73536
53929
60918
99061
37062
20934
67200
71415
99026
31743
59957
68759
41938
97993
80420
46816
28271
87923
67736
47677
56483
90236
64649
55425
12465
20096
60707
60329
17905
11135
29543
86447
77740
94482
93699
26097
98119
85496
86244
96663
15846
85935
27121
85411
30273
20039
78703
41844
68394
23329
58675
71413
73282
50904
85583
20025
47996
29785
95739
79616
88013
58837
78955
70336
24170
78256
10398
46571
93997
10668
86866
49014
69991
36977
92324
95872
84633
30462
32209
45036
17978
87590
84802
39492
35134
26840
75937
20865
22548
73301
55824
33501
97678
89755
59158
51201
31408
91451
70921
19367
77381
91572
77233
86139
60708
78193
24930
14024
64480
15775
75694
85608
81409
57211
94296
79582
59998
68629
17800
37775
70250
30006
80597
22013
78422
38548
86266
97848
84347
81988
17114
11319
41857
59624
75476
19083
58992
60891
30704
81706
65022
80970
78758
