10056
10068
10121
10172
10294
10398
10454
10576
10588
10664
10668
10672
10758
10831
10953
10975
11023
11039
11069
11083
11135
11187
11319
11589
11662
11673
11697
11698
11821
12014
12210
12266
12290
12299
12465
12612
12847
12976
13156
13327
13345
13403
13455
13641
13675
13759
13841
13892
13989
13998
14014
14024
14078
14208
14279
14432
14458
14459
14535
14633
14641
14901
15143
15292
15571
15618
15665
15737
15775
15846
15895
15949
16280
16833
16907
16924
17114
17360
17375
17388
17633
17793
17800
17874
17905
17927
17942
17978
17982
18043
18316
18321
18476
18506
18534
19013
19083
19242
19274
19312
19332
19343
19367
19462
19567
19623
19640
19802
19853
19940
20025
20039
20096
20148
20199
20426
20522
20683
20746
20824
20865
20934
21042
21071
21263
21702
21863
22013
22107
22187
22196
22376
22407
22411
22481
22548
22621
22678
22699
22889
23028
23202
23267
23329
23719
23833
23864
23936
23953
24039
24147
24170
24299
24335
24346
24385
24540
24546
24751
24797
24871
24930
24989
25195
25216
25246
25531
25535
25611
25614
25865
25904
25934
25960
25990
26022
26083
26097
26231
26239
26333
26386
26508
26664
26693
26840
26891
27005
27088
27121
27252
27261
27276
27311
27344
27997
28115
28140
28163
28265
28271
28362
28417
28455
28572
28664
28696
28792
28952
28960
29036
29264
29441
29524
29543
29691
29785
29800
29801
29839
30006
30007
30045
30160
30273
30462
30587
30704
30768
30878
30968
31051
31206
31215
31408
31463
31498
31573
31637
31650
31685
31743
32209
32457
32609
32677
32785
33000
33315
33334
33452
33501
34163
34190
34510
34913
35134
35287
35516
35611
35660
35667
35846
36077
36613
36784
36813
36977
37016
37062
37107
37176
37184
37215
37499
37502
37613
37729
37775
37857
37866
37936
38239
38246
38259
38306
38429
38548
38550
38694
38695
38752
38856
38883
39015
39038
39127
39240
39316
39322
39347
39395
39492
39500
39561
39585
39894
40003
40055
40287
40289
40296
40476
40546
40731
40750
40882
40899
40996
41457
41475
41483
41686
41762
41844
41857
41887
41938
41961
42003
42108
42239
42399
42556
42775
42883
42957
42962
42981
42992
43163
43503
43523
43558
43568
43602
43608
43633
43716
43731
43747
43765
43979
43985
43995
44767
44785
44894
44932
44961
44986
44989
45036
45256
45398
45455
45513
45790
45933
45935
46369
46395
46494
46515
46545
46571
46632
46816
46901
46926
47387
47405
47436
47511
47564
47677
47713
47880
47898
47996
48005
48018
48232
48587
48676
48716
48746
48805
48959
49014
49113
49142
49382
49396
49481
49559
49572
49617
49768
49799
49821
49835
49845
50171
50300
50441
50449
50492
50527
50537
50589
50602
50646
50653
50757
50768
50904
50933
50982
50996
51109
51169
51201
51533
51544
51562
51573
51681
51707
51904
52000
52063
52085
52149
52190
52222
52227
52304
52414
52442
52512
52548
52588
52736
52765
52831
52860
53039
53062
53415
53426
53544
53641
53929
54018
54119
54387
54398
54606
54662
54669
54692
55107
55425
55482
55505
55652
55824
55870
56025
56161
56222
56227
56299
56327
56438
56457
56483
56638
56709
56720
56805
56827
56851
56890
57014
57074
57095
57211
57251
57314
57332
57374
57437
57507
57727
57787
57843
57896
57902
57947
58088
58108
58202
58228
58288
58401
58480
58500
58611
58641
58675
58837
58869
58941
58975
58992
59124
59158
59298
59446
59531
59624
59633
59760
59870
59896
59957
59976
59998
60130
60329
60350
60446
60453
60606
60707
60708
60790
60891
60909
60918
60920
61020
61106
61257
61311
61520
61625
61703
61709
61882
61956
62089
62255
62505
62672
62828
62835
62870
63061
63122
63161
63361
63464
63480
63814
64140
64222
64279
64351
64365
64480
64649
64705
64763
64841
64904
65022
65066
65191
65228
65430
65677
65689
65863
65954
66027
66036
66076
66079
66180
66216
66353
66440
66575
66586
66592
66593
66767
67170
67200
67482
67563
67736
67783
67813
67973
68022
68112
68216
68394
68418
68547
68554
68629
68656
68680
68704
68721
68733
68759
68947
68948
69049
69173
69231
69357
69502
69511
69526
69533
69589
69680
69738
69958
69991
70201
70250
70336
70375
70770
70921
71413
71415
71485
71528
71684
71833
71839
71953
72162
72254
72284
72397
72511
72925
72961
73167
73282
73301
73309
73536
73737
73983
74037
74103
74178
74207
74289
74372
74510
74670
74695
75079
75208
75287
75349
75467
75476
75626
75659
75694
75696
75790
75937
76020
76068
76072
76102
76135
76150
76432
76518
76560
76661
76708
76927
77076
77087
77233
77270
77332
77381
77443
77553
77617
77699
77740
77823
77880
78120
78193
78256
78422
78524
78648
78703
78716
78758
78876
78955
78984
79007
79211
79341
79346
79370
79440
79546
79565
79582
79616
79677
79686
79691
79692
79735
79862
80415
80420
80515
80561
80597
80653
80870
80970
81024
81157
81200
81281
81409
81434
81530
81543
81693
81706
81736
81785
81829
81957
81988
82027
82299
82408
82635
82795
82914
82924
82954
82962
83203
83448
83452
83558
83574
83883
84021
84187
84222
84334
84347
84633
84705
84784
84802
84823
84914
85010
85110
85169
85177
85215
85341
85370
85411
85421
85496
85512
85583
85608
85633
85743
85750
85913
85935
85947
86087
86088
86117
86138
86139
86244
86262
86266
86271
86384
86447
86483
86619
86781
86822
86866
86871
86890
87067
87074
87118
87142
87172
87225
87249
87287
87367
87383
87428
87433
87454
87523
87546
87571
87590
87729
87804
87923
88013
88017
88021
88077
88208
88405
88430
88534
88630
88676
88704
88814
88896
88911
89090
89181
89227
89417
89577
89652
89688
89706
89721
89750
89755
89855
89866
89944
90074
90123
90125
90191
90211
90219
90234
90236
90311
90501
90581
90676
90745
90893
90956
90966
91297
91338
91347
91451
91524
91572
91709
91806
91830
91912
91969
92202
92305
92324
92575
92610
92730
92836
93147
93215
93293
93295
93302
93422
93553
93568
93599
93603
93611
93699
93789
93818
93825
93900
93942
93975
93997
94296
94386
94482
94618
94650
94769
95071
95107
95109
95114
95147
95163
95383
95420
95559
95618
95739
95781
95872
95876
95976
96070
96637
96663
96850
96919
96947
97001
97142
97206
97433
97435
97668
97678
97798
97848
97907
97986
97993
98028
98053
98080
98119
98203
98282
98401
98402
98414
98825
98988
98999
99026
99061
99139
99229
99343
99372
99405
99430
99570
99606
99781
99836
99960
