15737
47531
73309
26386
90774
38259
50198
20253
98569
43719
84802
89855
15737
99983
73431
94769
13345
16338
59463
24540
46760
24785
94769
76304
84190
50602
38259
63674
57698
94029
87991
31743
53500
43272
26386
68554
36005
99058
45509
64279
98297
99781
54781
82924
32724
81607
34699
73309
64279
75855
38259
52523
31051
57119
48853
31051
35142
65929
72254
78965
50159
76148
21955
18070
72254
77505
11697
17982
90211
91050
32457
20442
72254
30434
17982
31051
94087
64344
27509
70689
14840
72254
66551
48627
43388
12947
73309
26386
66440
23875
10613
55396
79692
26138
29196
31743
72254
52714
38856
89991
79692
27909
51936
26239
90211
15975
82924
77747
50216
89227
84802
95383
38845
77249
52738
11147
67042
90562
94769
43583
73309
92202
60021
42173
15737
52145
88040
52086
12281
11321
36187
92435
26664
53092
13345
24542
94769
94769
73220
60825
61968
15153
98328
76232
48717
42647
84802
57610
15330
59202
64279
46356
27983
96968
88145
82924
26599
32457
39980
26664
11697
90364
24914
14455
61336
72254
31712
21525
91482
95316
83948
43967
87826
65546
79692
57878
84802
10581
69216
82731
13345
79692
18598
26386
96480
38259
64279
22026
90211
50541
99781
67693
69460
49858
38259
51350
25520
73309
67322
93568
13345
52685
31641
84568
79773
19435
25655
42108
29679
26239
63931
59242
48967
83112
15737
66000
92202
14200
55348
13345
91893
24540
23044
50868
38856
16455
83845
32420
92202
32375
79692
19672
26664
18603
36218
89227
17982
99781
90211
68715
60199
17982
34064
24540
31743
26239
66440
84802
62768
89855
84802
68022
78689
66769
19623
68799
79636
42060
11972
33028
31743
37748
52835
95383
84802
80320
44785
74969
79692
95383
67333
32457
82116
64667
19859
86071
94769
31051
28770
97102
15737
42916
26239
54132
72088
50602
89855
81605
31743
57279
73898
93706
88904
68366
68022
54353
31564
40095
21718
26239
42868
12856
73643
73309
35243
57600
26386
26934
31743
31317
72254
31743
35952
17841
46814
26239
30746
96013
59611
93728
22779
65624
88356
15020
90211
46080
98186
79296
11480
89227
51003
67153
93818
15737
93975
16596
26876
15737
42699
99704
61893
25556
32457
31051
15737
40953
25373
42108
95412
52392
26664
14626
92202
79692
89101
21632
89855
96520
40198
82924
88431
46332
92202
90211
82924
12067
90211
77415
47498
30513
79692
46725
77929
73832
22015
37125
87259
17982
81999
22033
73309
84808
43032
21237
94769
47860
15737
87470
93818
43274
47996
31743
93345
66184
26435
14286
42108
91778
50602
65732
54659
92202
32457
26239
26386
84802
14140
84802
10408
76417
26296
15737
25627
74612
26698
39722
44751
59626
38259
71058
31743
99781
66150
96138
52538
73617
44785
45999
94769
27856
31743
99781
19962
90211
42592
38259
94837
87462
13345
24540
28661
36119
30422
72254
11697
50515
93818
73309
59383
33827
38856
79692
75729
61227
70516
93909
89855
51212
57120
84802
94600
19546
73309
62475
49944
84802
79692
89412
21538
58959
17470
89227
28076
37410
36303
63500
26239
58203
47085
84802
59133
48734
13345
19623
31230
14744
76713
31743
92202
57799
43492
17699
97684
93653
94769
27713
95383
82924
35771
29452
15240
72856
17313
73309
99781
62424
93818
37482
71566
18107
87619
82924
79692
41109
19459
34173
15737
86381
38856
89855
44671
27596
72680
46274
75792
17982
92202
14959
13345
26239
75332
94330
89227
88213
71775
68554
72254
43416
88520
42227
72254
65905
32457
80596
42108
73170
89855
66358
93211
18704
79692
87305
19777
91998
72254
93663
24392
25374
90211
42108
45580
13345
94769
26386
87182
95383
13345
17982
93390
48977
89716
38259
89161
72254
89227
15482
44785
31743
38856
93818
92202
82924
93782
50653
31743
99781
13783
31051
57691
15737
88134
44785
89855
88779
92202
96167
40096
33236
79692
41520
87703
64917
95935
35882
24538
17982
26664
68022
38856
47911
41621
17284
24851
93818
32804
32457
17982
32457
33307
40613
73309
97846
10698
64254
96741
95856
80488
15737
91433
37660
18796
42108
84802
20755
26239
21661
95829
12796
24540
55116
62202
68022
74199
26239
66440
86684
89797
88190
10930
82866
73091
68022
90211
31051
96407
24540
24540
93204
45844
36433
94315
38856
94769
31743
77665
73309
64279
90211
59553
20354
99477
27733
92202
94557
37673
13382
64279
26664
71838
51076
98880
38856
17982
82201
97407
38259
67024
73309
26386
52774
72254
72254
61531
90211
28232
38259
80706
17982
94769
38856
90211
28278
87123
34818
89227
48947
37978
68022
83130
93975
91673
31769
80223
30664
38856
45096
51693
84802
26386
73309
31743
57178
66440
94769
13501
37914
30385
83674
73416
15737
97201
84802
31743
13345
73119
69182
42108
10568
85617
75315
26664
21083
31308
94769
80387
15737
94893
19111
92336
29846
94769
80353
16923
10038
15737
14617
19623
38259
97611
47269
63673
51287
26386
51102
66460
62325
34475
11697
88743
50602
81743
34577
81249
68022
82924
67603
78946
50602
84802
68022
93677
34132
30349
48233
17210
64619
26239
10445
92202
90117
30805
72254
37024
66440
38259
95383
32457
24540
73136
60367
29457
86291
97616
89855
24540
52066
14324
19580
15737
89855
27316
10285
69466
14267
93568
41368
84802
72254
73016
94769
72555
79692
84802
84802
24540
73309
15737
89227
36166
73309
36153
62600
92358
93975
38856
66535
40913
21464
15737
94769
38622
26664
42730
23426
31743
73753
68022
33400
13345
50511
89227
78397
38490
90211
66440
24540
79692
24540
98400
79692
49678
38238
72875
34807
94769
96883
14721
93818
76158
17982
69305
85851
93742
71400
32457
36498
92202
84724
79692
86922
46497
17982
82924
96546
73309
31743
17982
94769
79692
97091
84802
69588
13450
79692
14796
73309
59923
82924
72254
75478
84131
32457
82924
20706
64465
44785
90139
96125
93818
14167
89227
65246
17289
18160
31743
47118
92202
76315
91798
92642
26239
33987
24257
26386
93031
79692
45223
90211
53649
92202
90623
79031
13345
26386
24540
85790
80196
68976
50253
72481
68554
63205
17894
10487
70581
26386
56010
85167
38259
30745
41648
81505
66440
92202
90800
29799
13325
31051
89049
26502
70861
35871
26239
31852
82528
82924
26239
94769
73391
19623
26386
59256
21822
38856
13345
26239
44785
28657
39357
35930
93975
26239
24540
72254
26386
56506
28292
26660
73380
13345
18015
33080
13949
58123
32063
28458
98995
87326
46974
79469
